,0,1,2,3,4,5,6,7,8,9,10,11,12,13,14,15,16,17,18,19,20,21,22,23,24,25,26,27,28,29,30,31,32,33,34,35,36,37,38,39,40,41,42,43,44,45,46,47,48,49,50,51,52,53,54,55,56,57,58,59,60,61,62,63,64,65,66,67,68,69,70,71,72,73,74,75,76,77,78,79,80,81,82,83,84,85,86,87,88,89,90,91,92,93,94,95,96,97,98,99,100,101,102,103,104,105,106,107,108,109,110,111,112,113,114,115,116,117,118,119,120,121,122,123,124,125,126,127,128,129,130,131,132,133,134,135,136,137,138,139,140,141,142,143,144,145,146,147,148,149,150,151,152,153,154,155,156,157,158,159,160,161,162,163,164,165,166,167,168,169,170,171,172,173,174,175,176,177,178,179,180,181,182,183,184,185,186,187,188,189,190,191,192,193,194,195,196,197,198,199,200,201,202,203,204,205,206,207,208,209,210,211,212,213,214,215,216,217,218,219,220,221,222,223,224,225,226,227,228,229,230,231,232,233,234,235,236,237,238,239,240,241,242,243,244,245,246,247,248,249,250,251,252,253,254,255,256,257,258,259,260,261,262,263,264,265,266,267,268,269,270,271,272,273,274,275,276,277,278,279,280,281,282,283,284,285,286,287,288,289,290,291,292,293,294,295,296,297,298,299,300,301,302,303,304,305,306,307,308,309,310,311,312,313,314,315,316,317,318,319,320,321,322,323,324,325,326,327,328,329,330,331,332,333,334,335,336,337,338,339,340,341,342,343,344,345,346,347,348,349,350,351,352,353,354,355,356,357,358,359,360,361,362,363,364,365,366,367,368,369,370,371,372,373,374,375,376,377,378,379,380,381,382,383,384,385,386,387,388,389,390,391,392,393,394,395,396,397,398,399,400,401,402,403,404,405,406,407,408,409,410,411,412,413,414,415,416,417,418,419,420,421,422,423,424,425,426,427,428,429,430,431,432,433,434,435,436,437,438,439,440,441,442,443,444,445,446,447,448,449,450,451,452,453,454,455,456,457,458,459,460,461,462,463,464,465,466,467,468,469,470,471,472,473,474,475,476,477,478,479,480,481,482,483,484,485,486,487,488,489,490,491,492,493,494,495,496,497,498,499,500,501,502,503,504,505,506,507,508,509,510,511,512,513,514,515,516,517,518,519,520,521,522,523,524,525
Apple Valley Dog License Application - 2014 new_201404071159181677.pdf,dog,license,application,nc,z,wu,j,om,z,j,aaa,u,w,aq,w,zwu,j,w,q,z,cz,n,u,r,n,n,n,co,xw,n,n,l,v,z,aa,v,v,cqon,qa,v,u,n,tv,oo,nlt,n,nf,w,l,mai,l,l,j,p,c,c,n,u,l,u,gv,aa,av,w,u,w,r,va,e,ayc,v,j,n,u,j,gl,n,w,h,keep,dog,control,dogs,prohibited,running,large,may,impounded,violation,large,described,premises,owner,controlled,leash,confined,vehicle,caged,pickup,impound,fees,day,required,dogs,release,im,pound,additionally,citations,issued,violators,city,animal,code,fines,assessed,district,court,kennels,catteries,kennels,catteries,oper,ated,permit,obtained,kennels,described,premises,used,keep,ing,maintaining,training,raising,three,dogs,four,months,age,cattery,permit,quired,keep,three,cats,four,months,age,city,hall,contacted,apply,permit,nuisance,dogs,cats,residents,occasionally,contact,police,department,regarding,pets,including,cats,beinganuisance,city,code,regarding,nuisances,created,animals,states,owner,animals,shall,permit,said,animal,damage,litter,lawn,garden,sandbox,property,remember,illegal,pets,park,unless,leash,pet,droppings,also,must,removed,noise,city,code,states,noise,person,shall,keep,harbor,animal,habitually,barks,cries,whimpers,otherwise,emits,foud,unusual,noises,police,request,residents,problems,barking,dogs,police,department,notified,situation,occurring,nui,sance,witnessed,police,officer,department,,,,,,,,,,,,,,,,,,,,,,,,,,,,,,,,,,,,,,,,,,,,,,,,,,,,,,,,,,,,,,,,,,,,,,,,,,,,,,,,,,,,,,,,,,,,,,,,,,,,,,,,,,,,,,,,,,,,,,,,,,,,,,,,,,,,,,,,,,,,,,,,,,,,,,,,,,,,,,,,,,,,,,,,,,,,,,,,,,,,,,,,,,,,,,,,,,,,,,,,,,,,,,,,,,,,,,,,,,,,,,,,,,,,,,,,,,,,,,,,,,,,,,,,,,,,,,,,,,,,,,,,,,,,,,,,,,,,,,,,,,,,,,,,,,,,,
Bartlesville SBizhub19062114310.pdf,,,,,,,,,,,,,,,,,,,,,,,,,,,,,,,,,,,,,,,,,,,,,,,,,,,,,,,,,,,,,,,,,,,,,,,,,,,,,,,,,,,,,,,,,,,,,,,,,,,,,,,,,,,,,,,,,,,,,,,,,,,,,,,,,,,,,,,,,,,,,,,,,,,,,,,,,,,,,,,,,,,,,,,,,,,,,,,,,,,,,,,,,,,,,,,,,,,,,,,,,,,,,,,,,,,,,,,,,,,,,,,,,,,,,,,,,,,,,,,,,,,,,,,,,,,,,,,,,,,,,,,,,,,,,,,,,,,,,,,,,,,,,,,,,,,,,,,,,,,,,,,,,,,,,,,,,,,,,,,,,,,,,,,,,,,,,,,,,,,,,,,,,,,,,,,,,,,,,,,,,,,,,,,,,,,,,,,,,,,,,,,,,,,,,,,,,,,,,,,,,,,,,,,,,,,,,,,,,,,,,,,,,,,,,,,,,,,,,,,,,,,,,,,,,,,,,,,,,,,,,,,,,,,,,,,,,,,,,,,,,,,,,,,,,,,,,,,,,,,,,,,,,,,,,,,,,,,,,,,,,,,,,,
Bedford d4cbb6_d81a0f4043504759a4547a61fb990d55.pdf,bedford,animal,shelter,city,license,application,application,form,must,completed,dog,cat,questions,must,answered,please,return,completed,application,along,copy,rabies,vaccination,certificate,payment,bedford,animal,shelter,reliance,parkway,bedford,tx,owner,name,owner,address,city,state,zip,home,phone,alternate,phone,breed,sex,male,female,yes,color,age,veterinarian,name,clinic,name,rabies,tag,rabies,vaccination,date,expiration,date,annual,license,fee,unaltered,licenses,must,renewed,annually,questions,regarding,application,process,animal,related,matters,directed,following,http,,,,,,,,,,,,,,,,,,,,,,,,,,,,,,,,,,,,,,,,,,,,,,,,,,,,,,,,,,,,,,,,,,,,,,,,,,,,,,,,,,,,,,,,,,,,,,,,,,,,,,,,,,,,,,,,,,,,,,,,,,,,,,,,,,,,,,,,,,,,,,,,,,,,,,,,,,,,,,,,,,,,,,,,,,,,,,,,,,,,,,,,,,,,,,,,,,,,,,,,,,,,,,,,,,,,,,,,,,,,,,,,,,,,,,,,,,,,,,,,,,,,,,,,,,,,,,,,,,,,,,,,,,,,,,,,,,,,,,,,,,,,,,,,,,,,,,,,,,,,,,,,,,,,,,,,,,,,,,,,,,,,,,,,,,,,,,,,,,,,,,,,,,,,,,,,,,,,,,,,,,,,,,,,,,,,,,,,,,,,,,,,,,,,,,,,,,,,,,,,,,,,,,,,,,,,,,,,,,,,,,,,,,,,,,,,,,,,,,,,,,,,,,,
Calumet Animal-License-form.pdf,snipping,tool,print,job,,,,,,,,,,,,,,,,,,,,,,,,,,,,,,,,,,,,,,,,,,,,,,,,,,,,,,,,,,,,,,,,,,,,,,,,,,,,,,,,,,,,,,,,,,,,,,,,,,,,,,,,,,,,,,,,,,,,,,,,,,,,,,,,,,,,,,,,,,,,,,,,,,,,,,,,,,,,,,,,,,,,,,,,,,,,,,,,,,,,,,,,,,,,,,,,,,,,,,,,,,,,,,,,,,,,,,,,,,,,,,,,,,,,,,,,,,,,,,,,,,,,,,,,,,,,,,,,,,,,,,,,,,,,,,,,,,,,,,,,,,,,,,,,,,,,,,,,,,,,,,,,,,,,,,,,,,,,,,,,,,,,,,,,,,,,,,,,,,,,,,,,,,,,,,,,,,,,,,,,,,,,,,,,,,,,,,,,,,,,,,,,,,,,,,,,,,,,,,,,,,,,,,,,,,,,,,,,,,,,,,,,,,,,,,,,,,,,,,,,,,,,,,,,,,,,,,,,,,,,,,,,,,,,,,,,,,,,,,,,,,,,,,,,,,,,,,,,,,,,,,,,,,,,,,,,,,,,,,,,,,
Carbondale Dog License Application_201809271138117425.pdf,city,carbondale,police,department,washington,street,carbondale,illinois,dog,license,application,office,use,date,received,fees,paid,cash,owner,owner,ever,convicted,violent,felony,yes,ever,convicted,violent,felony,yes,owner,ever,owned,dog,declared,dangerous,vicious,yes,ever,owned,dog,declared,dangerous,vicious,yes,address,zip,code,address,zip,code,telephone,telephone,dog,name,breed,color,office,use,age,sex,male,female,yes,city,tag,rabies,tag,date,vaccination,chip,id,amount,fees,animal,clinic,check,cash,dog,name,breed,color,office,use,age,sex,male,female,yes,city,tag,rabies,tag,date,vaccination,chip,id,amount,fees,animal,clinic,check,cash,dog,name,breed,color,office,use,age,sex,male,female,yes,city,tag,rabies,tag,date,vaccination,chip,id,amount,fees,animal,clinic,check,cash,apply,mail,use,form,previous,page,place,envelope,items,must,completed,order,license,issued,enclose,check,money,order,payable,city,carbondale,neutered,seal,envelope,put,stamp,drop,mail,mail,dog,license,may,also,come,police,department,washington,street,open,monday,friday,mailing,address,city,carbondale,police,department,animal,control,office,box,carbondale,illinois,happy,answer,questions,may,phone,ext,email,us,cnelson,note,puppies,need,licensed,four,months,old,longer,dog,living,house,please,give,us,call,let,us,know,city,council,city,carbondale,recently,approved,amendments,title,three,carbondale,revised,code,applies,adequate,shelter,animals,within,city,amendments,made,interest,protecting,animals,inclement,weather,temperature,variations,revised,ordinance,residents,keep,animals,property,within,city,carbondale,must,provide,adequate,safe,sanitary,shelter,shelter,must,sufficient,provide,natural,light,artificial,illumination,protection,weather,sufficient,size,animal,stand,upright,position,lie,stretched,part,body,need,touch,wall,roof,structure,shall,include,animal,carriers,recycled,chemical,drums,personal,property,intended,provide,animal,shelter,questions,pertaining,requirements,adequate,shelters,animals,within,city,directed,city,carbondale,animal,control,officer,owner,coowner,address,zip,code,address,zip,telephone,name,breed,color,age,rabies,tag,date,vaccination,chip,id,animal,clinic,rabies,date,chip,animal,rabies,date,chip,animal,check,check,check,check,check,check,check,check,check,check,check,check,check,check,check,check,check,check,check,check,,,,,,,,,,,,,,,,,,,,,,,,,,,,,,,,,,,,,,,,,,,,,,,,,,,,,,,,,,,,,,,,,,,,,,,,,,,,,,,,,,,,,,,,,,,,,,,,,,,,,,,,,,,,,,,,,,,,,,,,,,,,,,,,,,,,,,,,,,,,,,,,,,,,,,,,,,,,,,,,,,,,,,,,,,,,,,,,
City of Aiken Pet Registration Form.pdf,city,aiken,pet,registration,aiken,public,safety,beaufort,st,ne,aiken,sc,b,e,c,p,le,te,b,p,e,w,n,e,r,owner,information,name,last,first,address,street,zip,home,phone,cell,phone,secondary,contact,name,phone,animal,information,pet,name,circle,one,dog,cat,sex,f,spayed,neutered,n,vet,name,breed,color,note,registration,lifetime,animal,kennel,fee,must,paid,yearly,documentation,must,provided,verify,rabies,shots,microchip,animal,undersigned,pet,owner,certifies,penalty,law,information,provided,true,correct,applicant,signature,date,write,line,space,office,use,write,line,b,e,c,p,le,te,b,p,ro,g,ra,tr,ti,n,city,license,fee,schedule,spayed,neutered,microchipped,free,spayed,neutered,microchip,fertile,microchipped,fertile,microchip,kennel,fee,animals,species,yearly,capped,fee,animals,yearly,total,clerk,initials,circle,cash,check,check,tag,microchip,city,aiken,registration,number,microchip,registration,number,rabies,information,tag,number,tag,expiration,date,vet,name,vet,license,number,form,adps,ms,rev,,,,,,,,,,,,,,,,,,,,,,,,,,,,,,,,,,,,,,,,,,,,,,,,,,,,,,,,,,,,,,,,,,,,,,,,,,,,,,,,,,,,,,,,,,,,,,,,,,,,,,,,,,,,,,,,,,,,,,,,,,,,,,,,,,,,,,,,,,,,,,,,,,,,,,,,,,,,,,,,,,,,,,,,,,,,,,,,,,,,,,,,,,,,,,,,,,,,,,,,,,,,,,,,,,,,,,,,,,,,,,,,,,,,,,,,,,,,,,,,,,,,,,,,,,,,,,,,,,,,,,,,,,,,,,,,,,,,,,,,,,,,,,,,,,,,,,,,,,,,,,,,,,,,,,,,,,,,,,,,,,,,,,,,,,,,,,,,,,,,,,,,,,,,,,,,,,,,,,,,,
Danbury DogLicenseDanbCTWeb.pdf,state,connecticut,town,clerk,city,danbury,deer,hill,avenue,danbury,ct,dog,license,application,owner,name,address,city,state,zip,telephone,number,dog,name,predominant,breed,color,dog,date,birth,male,female,dog,licenses,expire,june,th,new,licenses,must,procured,june,penalty,imposed,pursuant,sec,state,connecticut,general,statutes,applicants,must,mail,following,items,town,clerk,address,application,copy,rabies,vaccination,certificate,copy,certificate,stamped,envelope,order,payable,city,danbury,fee,schedule,spayed,neutered,unaltered,kennel,dogs,penalty,per,month,owner,name,address,city,state,zip,telephone,number,dogs,name,predominant,breed,color,dogs,date,birth,male,female,print,reset,,,,,,,,,,,,,,,,,,,,,,,,,,,,,,,,,,,,,,,,,,,,,,,,,,,,,,,,,,,,,,,,,,,,,,,,,,,,,,,,,,,,,,,,,,,,,,,,,,,,,,,,,,,,,,,,,,,,,,,,,,,,,,,,,,,,,,,,,,,,,,,,,,,,,,,,,,,,,,,,,,,,,,,,,,,,,,,,,,,,,,,,,,,,,,,,,,,,,,,,,,,,,,,,,,,,,,,,,,,,,,,,,,,,,,,,,,,,,,,,,,,,,,,,,,,,,,,,,,,,,,,,,,,,,,,,,,,,,,,,,,,,,,,,,,,,,,,,,,,,,,,,,,,,,,,,,,,,,,,,,,,,,,,,,,,,,,,,,,,,,,,,,,,,,,,,,,,,,,,,,,,,,,,,,,,,,,,,,,,,,,,,,,,,,,,,,,,,,,,,,,,,,,,,,,,,,,,,,,,,,,,,,
Dearborn Dog License App.pdf,,,,,,,,,,,,,,,,,,,,,,,,,,,,,,,,,,,,,,,,,,,,,,,,,,,,,,,,,,,,,,,,,,,,,,,,,,,,,,,,,,,,,,,,,,,,,,,,,,,,,,,,,,,,,,,,,,,,,,,,,,,,,,,,,,,,,,,,,,,,,,,,,,,,,,,,,,,,,,,,,,,,,,,,,,,,,,,,,,,,,,,,,,,,,,,,,,,,,,,,,,,,,,,,,,,,,,,,,,,,,,,,,,,,,,,,,,,,,,,,,,,,,,,,,,,,,,,,,,,,,,,,,,,,,,,,,,,,,,,,,,,,,,,,,,,,,,,,,,,,,,,,,,,,,,,,,,,,,,,,,,,,,,,,,,,,,,,,,,,,,,,,,,,,,,,,,,,,,,,,,,,,,,,,,,,,,,,,,,,,,,,,,,,,,,,,,,,,,,,,,,,,,,,,,,,,,,,,,,,,,,,,,,,,,,,,,,,,,,,,,,,,,,,,,,,,,,,,,,,,,,,,,,,,,,,,,,,,,,,,,,,,,,,,,,,,,,,,,,,,,,,,,,,,,,,,,,,,,,,,,,,,,,
Fitchburg Pet License 2021 Fillable_202012011059093199.pdf,pet,license,owner,name,receipt,rabies,shot,date,street,address,city,zip,code,fitchburg,rabies,exp,date,email,phone,number,manufacturer,name,animal,color,breed,fees,serial,number,select,one,select,one,select,one,cat,male,dog,female,city,tag,stats,penalties,failure,obtain,rabies,vaccination,owner,fails,dog,vaccinated,rabies,required,sub,may,required,forfeit,less,stats,city,fitchburg,assess,late,fee,every,owner,dog,months,age,owner,failed,obtain,license,prior,april,year,within,days,acquiring,ownership,licensable,dog,owner,failed,obtain,license,dog,reached,licensable,age,rabies,vaccination,requirement,dogs,owner,dog,shall,dog,vaccinated,rabies,veterinarian,within,days,dog,reaches,months,age,revaccinated,within,one,year,initial,vaccination,owner,dog,shall,dog,revaccinated,rabies,veterinarian,date,immunization,expires,stated,certificate,vaccination,date,specified,within,years,previous,vaccination,cats,evidence,rabies,vaccination,required,also,see,city,fitchburg,ordinance,license,vaccination,dane,county,budget,increase,included,dogs,dogs,cats,cats,late,fee,dogs,licensed,april,notice,owners,city,fitchburg,application,license,please,use,one,form,per,animal,state,law,requires,rabies,certificate,presented,clerk,office,prior,issurance,license,must,include,copy,rabies,certificate,application,applies,cats,dogs,city,hall,use,complete,form,return,check,city,fitchburg,lacy,fitchburg,wi,cash,check,rabies,tag,street,address,zip,code,email,phone,number,name,animal,color,breed,select,one,select,select,owners,name,,,,,,,,,,,,,,,,,,,,,,,,,,,,,,,,,,,,,,,,,,,,,,,,,,,,,,,,,,,,,,,,,,,,,,,,,,,,,,,,,,,,,,,,,,,,,,,,,,,,,,,,,,,,,,,,,,,,,,,,,,,,,,,,,,,,,,,,,,,,,,,,,,,,,,,,,,,,,,,,,,,,,,,,,,,,,,,,,,,,,,,,,,,,,,,,,,,,,,,,,,,,,,,,,,,,,,,,,,,,,,,,,,,,,,,,,,,,,,,,,,,,,,,,,,,,,,,,,,,,,,,,,,,,,,,,,,,,,,,,,,,,,,,,,,,,,,,,,,,,,,,,
Florence License Application.pdf,application,license,city,florence,al,animals,months,older,must,licensed,breed,color,age,sex,name,pet,rabies,tag,rabies,vaccination,date,animal,fixed,owner,name,address,city,zip,phone,owner,signature,date,official,use,annual,tag,lifetime,tag,license,tag,fee,penalty,total,fee,mail,application,copy,rabies,certificate,proof,fee,florence,animal,control,college,street,florence,al,owners,age,annual,fees,must,submit,proof,qualify,reduced,fee,lifetime,fees,must,submit,proof,qualify,reduced,fee,owners,annual,fees,must,submit,proof,qualify,reduced,fee,lifetime,fees,must,submit,proof,qualify,reduced,fee,,,,,,,,,,,,,,,,,,,,,,,,,,,,,,,,,,,,,,,,,,,,,,,,,,,,,,,,,,,,,,,,,,,,,,,,,,,,,,,,,,,,,,,,,,,,,,,,,,,,,,,,,,,,,,,,,,,,,,,,,,,,,,,,,,,,,,,,,,,,,,,,,,,,,,,,,,,,,,,,,,,,,,,,,,,,,,,,,,,,,,,,,,,,,,,,,,,,,,,,,,,,,,,,,,,,,,,,,,,,,,,,,,,,,,,,,,,,,,,,,,,,,,,,,,,,,,,,,,,,,,,,,,,,,,,,,,,,,,,,,,,,,,,,,,,,,,,,,,,,,,,,,,,,,,,,,,,,,,,,,,,,,,,,,,,,,,,,,,,,,,,,,,,,,,,,,,,,,,,,,,,,,,,,,,,,,,,,,,,,,,,,,,,,,,,,,,,,,,,,,,,,,,,,,,,,,,,,,,,,,,,,,,,,,,,,,
Gaithersburg PetLicenseApplication.pdf,city,gaithersburg,south,summit,avenue,gaithersburg,maryland,telephone,fax,plancode,p,ca,planning,code,administration,pet,license,application,information,must,complete,initiate,processing,application,owner,must,least,years,age,first,name,street,address,city,state,zip,code,work,cell,address,pet,information,name,primary,breed,altered,primary,color,date,birth,yes,spay,neuter,dateno,yes,rabies,vaccination,expiration,date,name,veterinarian,clinic,administered,rabies,vaccine,vaccination,information,telephone,number,veterinarian,clinic,administered,rabies,vaccine,required,submittals,copy,current,rabies,vaccination,certificate,copy,certificate,signed,affidavit,see,fee,microchip,number,applicable,apt,species,cat,dog,secondary,breed,secondary,color,affidavit,hereby,certify,pet,name,please,check,one,spayed,neutered,vet,name,spayed,neutered,owned,previous,owner,documentation,verify,surgery,unavailable,owner,last,name,telephone,numbers,home,sex,male,female,mailto,plancode,city,gaithersburg,south,summit,avenue,gaithersburg,maryland,telephone,fax,plancode,p,ca,planning,code,administration,pet,license,application,information,must,complete,initiate,processing,application,owner,must,least,years,age,pet,information,altered,vaccination,information,required,submittals,species,affidavit,hereby,certify,pet,name,please,check,one,spayed,neutered,vet,name,spayed,neutered,owned,previous,owner,documentation,verify,surgery,unavailable,owner,sex,state,,,,,,,,,,,,,,,,,,,,,,,,,,,,,,,,,,,,,,,,,,,,,,,,,,,,,,,,,,,,,,,,,,,,,,,,,,,,,,,,,,,,,,,,,,,,,,,,,,,,,,,,,,,,,,,,,,,,,,,,,,,,,,,,,,,,,,,,,,,,,,,,,,,,,,,,,,,,,,,,,,,,,,,,,,,,,,,,,,,,,,,,,,,,,,,,,,,,,,,,,,,,,,,,,,,,,,,,,,,,,,,,,,,,,,,,,,,,,,,,,,,,,,,,,,,,,,,,,,,,,,,,,,,,,,,,,,,,,,,,,,,,,,,,,,,,,,,,,,,,,,,,,,,,,,,,,,,,,,,,,,,,,,,,,,,,,,,
Garden City dog_license_(fillable).pdf,dogs,name,primary,color,secondary,color,markings,birth,year,sex,owners,name,address,homephone,cell,phone,breed,,,,,,,,,,,,,,,,,,,,,,,,,,,,,,,,,,,,,,,,,,,,,,,,,,,,,,,,,,,,,,,,,,,,,,,,,,,,,,,,,,,,,,,,,,,,,,,,,,,,,,,,,,,,,,,,,,,,,,,,,,,,,,,,,,,,,,,,,,,,,,,,,,,,,,,,,,,,,,,,,,,,,,,,,,,,,,,,,,,,,,,,,,,,,,,,,,,,,,,,,,,,,,,,,,,,,,,,,,,,,,,,,,,,,,,,,,,,,,,,,,,,,,,,,,,,,,,,,,,,,,,,,,,,,,,,,,,,,,,,,,,,,,,,,,,,,,,,,,,,,,,,,,,,,,,,,,,,,,,,,,,,,,,,,,,,,,,,,,,,,,,,,,,,,,,,,,,,,,,,,,,,,,,,,,,,,,,,,,,,,,,,,,,,,,,,,,,,,,,,,,,,,,,,,,,,,,,,,,,,,,,,,,,,,,,,,,,,,,,,,,,,,,,,,,,,,,,,,,,,,,,,,,,,,,,,,,,,,,,,,,,,,,,,,,,,,,,,,,,,,,,,,,,,,
Happy Valley Dog-License-Application.pdf,dog,license,application,city,happy,valley,se,misty,drive,happy,valley,oregon,phone,fax,email,licenses,ordinance,effective,date,january,new,hv,license,renewal,hv,license,license,copy,current,dog,license,another,agency,jurisdiction,must,attached,exempt,paying,happy,valley,fee,name,address,city,state,zip,primary,phone,phone,email,address,dog,name,male,female,breed,yes,microchip,rabies,expiration,date,must,attach,proof,rabies,vaccination,license,valid,rabies,vaccinations,must,valid,entire,licensing,period,vet,clinic,name,vet,clinic,phone,please,choose,one,following,fees,senior,citizen,discount,age,senior,citizen,discount,age,fee,altered,dog,fee,fertile,dog,fee,altered,dog,fee,fertile,dog,year,years,years,replacement,metal,tag,nsf,check,returned,staff,use,date,received,license,expires,amount,paid,cash,check,cc,receipt,staff,signature,add,walk,list,license,name,address,city,state,zip,primary,phone,phone,email,address,dogs,name,breed,colormarkings,microchip,rabies,expiration,date,vet,clinic,name,vet,clinic,phone,print,,,,,,,,,,,,,,,,,,,,,,,,,,,,,,,,,,,,,,,,,,,,,,,,,,,,,,,,,,,,,,,,,,,,,,,,,,,,,,,,,,,,,,,,,,,,,,,,,,,,,,,,,,,,,,,,,,,,,,,,,,,,,,,,,,,,,,,,,,,,,,,,,,,,,,,,,,,,,,,,,,,,,,,,,,,,,,,,,,,,,,,,,,,,,,,,,,,,,,,,,,,,,,,,,,,,,,,,,,,,,,,,,,,,,,,,,,,,,,,,,,,,,,,,,,,,,,,,,,,,,,,,,,,,,,,,,,,,,,,,,,,,,,,,,,,,,,,,,,,,,,,,,,,,,,,,,,,,,,,,,,,,,,,,,,,,,,,,,,,,,,,,,,,,,,,,,,,,,,,,,,,,,,,,
Janesville 2021CatandDogLicenseRenewa.pdf,animal,license,renewal,notice,city,janesville,requires,annual,licenses,cats,dogs,five,months,older,apply,mail,complete,form,licenses,issued,march,charged,late,fee,per,pet,license,calendar,year,january,december,obtain,license,soon,possible,permits,paw,print,park,janesville,fenced,dog,park,also,available,mail,required,documentation,along,application,current,rabies,certificate,returned,license,spayed,neutered,documentation,applicable,returned,license,check,payable,city,janesville,mail,city,janesville,box,janesville,wi,paying,utility,bill,please,include,separate,check,pet,licensing,information,visit,website,call,sign,email,reminders,visit,please,print,apply,mailing,label,name,address,please,note,late,fee,increased,fee,schedule,senior,discount,pet,licenses,quantity,amount,spayed,neutered,x,spayed,neutered,must,provide,proof,reduced,cost,x,late,fee,per,cat,dog,licensed,march,exception,new,resident,new,pet,pet,months,old,proof,age,x,optional,paw,print,park,permit,ppp,ppp,dog,permit,x,ppp,dog,permit,senior,citizens,x,additional,ppp,dog,permit,x,mailing,processing,fee,submitted,mail,make,check,payable,city,janesville,total,due,veterinarian,rabies,certificate,must,accompany,application,license,issued,without,certificate,incomplete,application,missing,documentation,delay,processing,owner,name,date,address,zip,phone,pet,pet,pet,pet,please,circle,one,cat,dog,cat,dog,cat,dog,cat,dog,pet,name,please,check,applies,proof,must,submitted,please,circle,one,male,female,male,female,male,female,male,female,pet,breed,pet,color,rabies,expiration,date,proof,must,submitted,application,pet,licenses,city,janesville,http,http,,,,,,,,,,,,,,,,,,,,,,,,,,,,,,,,,,,,,,,,,,,,,,,,,,,,,,,,,,,,,,,,,,,,,,,,,,,,,,,,,,,,,,,,,,,,,,,,,,,,,,,,,,,,,,,,,,,,,,,,,,,,,,,,,,,,,,,,,,,,,,,,,,,,,,,,,,,,,,,,,,,,,,,,,,,,,,,,,,,,,,,,,,,,,,,,,,,,,,,,,,,,,,,,,,,,,,,,,,,,,,,,,,,,,,,,,,,,,,,,,,,,,,,,,,,,,,,,,,,,,,,,,,,,,,,,,,,,,,,,,,,
Kearny 2019-DOG-REGISTRATION.pdf,registration,last,day,pre,register,wednesday,please,print,clearly,dog,owner,name,phone,email,street,address,city,state,zip,legal,owner,certify,dog,hazard,people,dogs,current,vaccinations,agree,abide,rules,listed,form,comply,recommendations,made,event,officials,dog,owner,sign,must,years,older,dog,handling,dog,stage,event,must,also,years,older,dog,name,name,dog,would,like,compete,following,contest,group,dogs,pounds,group,b,dogs,pounds,drop,forms,kuez,office,kearny,ave,corner,midland,email,pawrade,fax,completed,forms,must,include,date,rabies,license,docs,pick,contest,entry,number,registration,table,registration,receipt,day,pawrade,copies,proof,current,license,rabies,vaccine,documentation,must,provided,completed,registration,form,registering,day,event,must,documents,mailto,pawrade,waiver,release,liability,owner,information,owner,name,dog,name,consideration,allowed,participate,way,kearny,halloween,dog,parade,festival,program,related,events,activities,take,place,arlington,depot,park,kearny,nj,saturday,october,undersigned,acknowledges,appreciates,agrees,voluntary,participation,event,may,result,personal,injury,mentioned,dog,dog,risk,injury,activities,involved,program,exists,participating,attending,observing,event,knowingly,freely,assume,risks,known,unknown,incidental,way,arise,contest,including,without,limitation,risks,danger,inherent,event,dog,bites,fights,altercations,falls,contact,spectators,contest,even,arising,negligence,releasees,others,assume,full,responsibility,participation,accept,full,responsibility,actions,dog,agree,dog,care,control,contest,also,responsible,removing,dog,litter,understand,acknowledge,dog,must,collar,leash,must,hand,one,dog,limit,per,handler,dog,walkers,event,must,years,older,hereby,represent,confirm,dog,subject,quarantine,order,pending,adjudication,administrative,hearing,never,declared,dangerous,potentially,dangerous,vicious,potentially,vicious,dog,willingly,agree,comply,stated,customary,terms,conditions,participation,abide,applicable,governmental,laws,ordinances,orders,directions,rules,regulation,however,observe,unusual,significant,hazard,presence,participation,remove,mentioned,dog,participation,bring,attention,nearest,official,immediately,acknowledge,kearny,urban,enterprise,zone,town,kearny,agents,reserves,right,exclude,eject,unruly,rowdy,disruptive,dogs,contest,property,without,liability,shall,fully,responsible,damages,expenses,direct,indirect,incurred,result,disruptive,behavior,ejection,agree,official,may,authorize,necessary,treatment,dog,event,injury,agree,assume,liability,medical,costs,incurred,result,participation,contest,covered,insurance,including,limited,costs,medical,care,treatment,ambulance,services,hospital,stays,physician,treatment,assigns,hold,town,kearny,kearny,urban,enterprise,zone,bone,appetit,corner,officers,officials,agents,employees,participants,sponsoring,agencies,sponsors,advertisers,applicable,owners,lessors,premises,used,conduct,event,releasees,respect,injury,disability,death,loss,damage,person,property,whether,arising,negligence,releasees,otherwise,fullest,extent,permitted,law,read,release,liability,assumption,risk,agreement,fully,understand,terms,understand,given,substantial,rights,signing,sign,freely,voluntarily,without,inducement,signed,date,owner,signature,must,years,older,receipt,registration,bring,receipt,day,event,pick,parade,number,registration,table,open,registration,closed,whether,pre,registered,care,furry,friends,always,first,priority,interest,participants,please,abide,following,rules,dogs,must,remain,leashed,rabies,shots,vaccinations,must,current,maximum,one,dog,per,handler,dogs,must,wear,tags,times,dog,walkers,must,years,older,dogs,heat,aggressive,dogs,dog,responsible,removing,dog,litter,use,pooper,scooper,litter,bag,costumes,must,safe,cool,comfortable,dogs,participants,must,comply,recommendations,made,event,officials,event,officials,may,disqualify,remove,entry,violating,rules,name,dog,filled,pawrade,staff,day,event,reg,complete,initials
Keene DogLicense_update_2.pdf,dog,city,keene,dog,license,application,dog,old,tag,available,owner,information,last,name,first,name,middle,initial,street,number,address,daytime,phone,number,owner,date,birth,must,least,years,age,email,address,dog,information,dog,name,breed,mixed,breed,list,dominant,breed,name,dog,age,dog,sex,dog,signature,dog,owner,instructions,please,print,form,submit,mail,include,applicable,fees,form,check,order,payable,city,keene,along,self,addressed,stamped,return,envelope,copy,rabies,certificate,certificate,mail,city,clerk,office,washington,street,keene,nh,applicable,fees,puppy,months,old,adult,dog,adult,dog,senior,citizen,rate,fee,applies,first,dog,kennel,license,dogs,fines,per,month,assessed,starting,june,year,first,day,month,thereafter,dog,licensed,addition,annually,end,june,warrant,unlicensed,dogs,provided,animal,control,officer,issue,civil,forfeiture,fine,every,unlicensed,dog,new,dog,renewal,old,tag,sex,dog,,,,,,,,,,,,,,,,,,,,,,,,,,,,,,,,,,,,,,,,,,,,,,,,,,,,,,,,,,,,,,,,,,,,,,,,,,,,,,,,,,,,,,,,,,,,,,,,,,,,,,,,,,,,,,,,,,,,,,,,,,,,,,,,,,,,,,,,,,,,,,,,,,,,,,,,,,,,,,,,,,,,,,,,,,,,,,,,,,,,,,,,,,,,,,,,,,,,,,,,,,,,,,,,,,,,,,,,,,,,,,,,,,,,,,,,,,,,,,,,,,,,,,,,,,,,,,,,,,,,,,,,,,,,,,,,,,,,,,,,,,,,,,,,,,,,,,,,,,,,,,,,,,,,,,,,,,,,,,,,,,,,,,,,,,,,,,,,,,,,,,,,,,,,,,,,,,,,,,,,,,,,,,,,,,,,,,,,,,,,,,,,
Lemoore Dog-Licence.pdf,god,trust,city,lemoore,dog,license,application,dog,information,check,senior,citizen,older,owner,name,address,mailing,address,different,home,phone,animal,information,dog,name,breed,color,sex,male,female,spayed,neutered,yes,breeder,permit,number,birth,year,veterinarian,rabies,vaccine,date,rabies,vac,expiration,vaccine,type,vaccine,lot,number,rabies,certificate,required,attached,dog,license,fee,schedule,finance,department,cinnamon,lemoore,ca,phone,x,fax,email,finance,fee,type,fee,year,animal,license,year,animal,license,senior,rate,year,animal,license,year,animal,license,senior,rate,year,animal,license,year,animal,license,senior,rate,,,,,,,,,,,,,,,,,,,,,,,,,,,,,,,,,,,,,,,,,,,,,,,,,,,,,,,,,,,,,,,,,,,,,,,,,,,,,,,,,,,,,,,,,,,,,,,,,,,,,,,,,,,,,,,,,,,,,,,,,,,,,,,,,,,,,,,,,,,,,,,,,,,,,,,,,,,,,,,,,,,,,,,,,,,,,,,,,,,,,,,,,,,,,,,,,,,,,,,,,,,,,,,,,,,,,,,,,,,,,,,,,,,,,,,,,,,,,,,,,,,,,,,,,,,,,,,,,,,,,,,,,,,,,,,,,,,,,,,,,,,,,,,,,,,,,,,,,,,,,,,,,,,,,,,,,,,,,,,,,,,,,,,,,,,,,,,,,,,,,,,,,,,,,,,,,,,,,,,,,,,,,,,,,,,,,,,,,,,,,,,,,,,,,,,,,,,,,,,,,,,,,,,,,,,,,,,,,,,,,,,,,,,,,,,
Livermore Dog Lic Web.pdf,online,dog,applications,owner,city,use,dog,name,breed,color,owner,name,address,license,tag,city,use,city,livermore,attn,dog,license,department,livermore,ave,livermore,ca,doglicense,phone,phone,rabies,expira,date,city,use,license,expira,date,city,use,license,fee,city,use,owner,city,use,dog,name,breed,color,phone,phone,rabies,expira,date,city,use,license,expira,date,city,use,license,fee,city,use,owner,name,address,license,tag,city,use,city,livermore,attn,dog,license,department,livermore,ave,livermore,ca,doglicense,breed,color,phone,phone,owners,name,city,state,zip,dog,name,,,,,,,,,,,,,,,,,,,,,,,,,,,,,,,,,,,,,,,,,,,,,,,,,,,,,,,,,,,,,,,,,,,,,,,,,,,,,,,,,,,,,,,,,,,,,,,,,,,,,,,,,,,,,,,,,,,,,,,,,,,,,,,,,,,,,,,,,,,,,,,,,,,,,,,,,,,,,,,,,,,,,,,,,,,,,,,,,,,,,,,,,,,,,,,,,,,,,,,,,,,,,,,,,,,,,,,,,,,,,,,,,,,,,,,,,,,,,,,,,,,,,,,,,,,,,,,,,,,,,,,,,,,,,,,,,,,,,,,,,,,,,,,,,,,,,,,,,,,,,,,,,,,,,,,,,,,,,,,,,,,,,,,,,,,,,,,,,,,,,,,,,,,,,,,,,,,,,,,,,,,,,,,,,,,,,,,,,,,,,,,,,,,,,,,,,,,,,,,,,,,,,,,,,,,,,,,,,,,,,,,,,,,,,,
Manassas DOG LICENSE APPLICATION.pdf,dog,license,application,city,manassas,mail,completed,applications,along,current,rabies,vaccination,certificate,city,manassas,treasurer,po,box,manassas,va,please,print,breed,color,dog,age,rabies,expires,dog,name,mm,dd,yyyy,include,copy,rabies,vaccination,certificate,application,check,box,send,corresponding,amount,male,neutered,female,spayed,owner,information,name,street,address,home,phone,alternate,phone,office,use,tag,number,date,paid,clerk,amound,paid,expires,december,city,manassas,police,department,animal,control,services,adoption,center,dean,drive,manassas,va,phone,fax,,,,,,,,,,,,,,,,,,,,,,,,,,,,,,,,,,,,,,,,,,,,,,,,,,,,,,,,,,,,,,,,,,,,,,,,,,,,,,,,,,,,,,,,,,,,,,,,,,,,,,,,,,,,,,,,,,,,,,,,,,,,,,,,,,,,,,,,,,,,,,,,,,,,,,,,,,,,,,,,,,,,,,,,,,,,,,,,,,,,,,,,,,,,,,,,,,,,,,,,,,,,,,,,,,,,,,,,,,,,,,,,,,,,,,,,,,,,,,,,,,,,,,,,,,,,,,,,,,,,,,,,,,,,,,,,,,,,,,,,,,,,,,,,,,,,,,,,,,,,,,,,,,,,,,,,,,,,,,,,,,,,,,,,,,,,,,,,,,,,,,,,,,,,,,,,,,,,,,,,,,,,,,,,,,,,,,,,,,,,,,,,,,,,,,,,,,,,,,,,,,,,,,,,,,,,,,,,,,,,,,,,,,,,,,,,,,,,,,,,,,,
Marlborough dog_license_form_1.pdf,city,marlborough,discriminate,basis,race,color,nation,origin,sex,religion,age,disability,employment,provisions,services,new,dog,license,form,complete,form,mail,current,rabies,certificate,veterinarian,proof,dog,check,made,payable,city,marlborough,checks,received,without,proper,paperwork,returned,submit,form,every,dog,household,owner,name,street,address,phone,number,phone,number,required,contact,dog,lost,hurt,pet,name,gender,circle,male,female,neutered,male,pet,date,birth,spayed,female,date,birth,unknown,please,indicate,approximate,age,breed,color,city,marlborough,office,city,clerk,main,street,marlborough,massachusetts,telephone,facsimile,steven,kerrigan,city,clerk,wilson,chu,assistant,city,clerk,city,marlborough,office,city,clerk,,,,,,,,,,,,,,,,,,,,,,,,,,,,,,,,,,,,,,,,,,,,,,,,,,,,,,,,,,,,,,,,,,,,,,,,,,,,,,,,,,,,,,,,,,,,,,,,,,,,,,,,,,,,,,,,,,,,,,,,,,,,,,,,,,,,,,,,,,,,,,,,,,,,,,,,,,,,,,,,,,,,,,,,,,,,,,,,,,,,,,,,,,,,,,,,,,,,,,,,,,,,,,,,,,,,,,,,,,,,,,,,,,,,,,,,,,,,,,,,,,,,,,,,,,,,,,,,,,,,,,,,,,,,,,,,,,,,,,,,,,,,,,,,,,,,,,,,,,,,,,,,,,,,,,,,,,,,,,,,,,,,,,,,,,,,,,,,,,,,,,,,,,,,,,,,,,,,,,,,,,,,,,,,,,,,,,,,,,,,,,,,,,,,,,,,,,,,,,,,,,,,,,,,,,,,,,,,,,,,,,
Nashua DOG LICENSE APPLICATION-2017 UPDATED_201703070931318469.pdf,dog,owner,information,last,name,first,name,middle,initial,street,number,address,telephone,number,owner,date,birth,required,applying,senior,citizen,rate,email,address,optional,dog,information,dog,name,breed,mixed,breed,list,dominant,breed,name,dog,date,birth,age,veterinarian,name,dog,color,sex,dog,signature,dog,owner,instructions,please,print,form,submit,mail,include,applicable,fees,form,check,order,payable,city,nashua,along,stamped,return,envelope,copy,rabies,certificate,certificate,applicable,mail,city,clerk,office,main,street,nashua,nh,applicable,fees,puppy,months,old,unaltered,male,female,dog,dog,need,certificate,proof,senior,citizen,rate,fee,applies,first,dog,group,license,dogs,fines,per,month,assessed,starting,june,year,first,day,month,thereafter,dog,licensed,addition,annually,end,june,warrant,unlicensed,dogs,provided,animal,control,officer,issue,civil,forfeiture,fine,every,unlicensed,dog,dog,license,application,city,clerk,office,main,street,nashua,nh,,,,,,,,,,,,,,,,,,,,,,,,,,,,,,,,,,,,,,,,,,,,,,,,,,,,,,,,,,,,,,,,,,,,,,,,,,,,,,,,,,,,,,,,,,,,,,,,,,,,,,,,,,,,,,,,,,,,,,,,,,,,,,,,,,,,,,,,,,,,,,,,,,,,,,,,,,,,,,,,,,,,,,,,,,,,,,,,,,,,,,,,,,,,,,,,,,,,,,,,,,,,,,,,,,,,,,,,,,,,,,,,,,,,,,,,,,,,,,,,,,,,,,,,,,,,,,,,,,,,,,,,,,,,,,,,,,,,,,,,,,,,,,,,,,,,,,,,,,,,,,,,,,,,,,,,,,,,,,,,,,,,,,,,,,,,,,,,,,,,,,,,,,,,,,,,,,,,,,,,,,,,,,,,,,,,,,,,,,,,,
National City RabiesVacCertDogLicApplFor.pdf,microsoft,word,dog,license,tag,national,city,national,city,ca,breed,dog,color,dog,sex,name,dog,new,license,exp,date,license,expires,date,dog,acquired,date,dog,entered,city,date,born,current,age,exempt,license,total,license,fee,vaccinating,veterinarian,signature,modified,live,vaccine,mfg,lot,date,vaccinated,vaccine,expires,vaccinating,veterinarian,address,phone,type,unaltered,altered,printed,name,altering,veterinarian,address,date,alter,signature,phone,owner,name,address,apt,city,state,zip,code,dog,deceased,owner,signature,home,phone,additional,phone,rev,rabies,vaccination,certificate,dog,license,application,form,city,national,city,department,finance,check,sign,appropriate,mail,back,longer,late,fees,years,years,years,x,resident,national,city,longer,dog,replace,tag,late,fee,applies,days,tag,breed,dog,color,dog,sex,name,dog,new,license,exp,date,license,expires,date,dog,acquired,date,dog,entered,city,date,born,current,age,exempt,license,total,license,fee,vaccinating,veterinarian,signature,modified,live,vaccine,mfg,lot,date,vaccinated,vaccine,expires,vaccinating,veterinarian,address,phone,printed,name,altering,veterinarian,address,date,alter,signature,phone,longer,longer,dog,owners,name,address,apt,city,state,zip,code,home,phone,additional,phone,,,,,,,,,,,,,,,,,,,,,,,,,,,,,,,,,,,,,,,,,,,,,,,,,,,,,,,,,,,,,,,,,,,,,,,,,,,,,,,,,,,,,,,,,,,,,,,,,,,,,,,,,,,,,,,,,,,,,,,,,,,,,,,,,,,,,,,,,,,,,,,,,,,,,,,,,,,,,,,,,,,,,,,,,,,,,,,,,,,,,,,,,,,,,,,,,,,,,,,,,,,,,,,,,,,,,,,,,,,,,,,,,,,,,,,,,,,,,,,,,,,,,,,,,,,,,,,,,,,,,,,,,,,,,,,,,,,,,,,,,,,,,,,,,,,,,,,,,,,,,,,,,,,,,,,,,,,,,,,,,,,,,,,,,,,,,,,,,
Oak Forest Animal_License_Application_3-Up_Fill-in_201311061020401118.pdf,city,oak,forest,central,oak,forest,il,animal,license,application,animal,must,licensed,july,last,first,address,city,state,zip,phone,breed,color,name,rabies,inoculation,date,inoculation,written,signature,owner,hereby,certify,information,correct,current,rabies,inoculation,obtained,animals,must,license,secured,around,neck,fee,animal,oak,forest,illinois,male,female,office,animal,license,amount,date,issued,cat,dog,city,oak,forest,central,oak,forest,il,animal,license,application,animal,must,licensed,july,last,first,address,city,state,zip,phone,breed,color,name,rabies,inoculation,date,inoculation,written,signature,owner,hereby,certify,information,correct,current,rabies,inoculation,obtained,animals,must,license,secured,around,neck,fee,animal,oak,forest,illinois,male,female,office,animal,license,amount,date,issued,cat,dog,city,oak,forest,central,oak,forest,il,animal,license,application,animal,must,licensed,july,last,first,address,city,state,zip,phone,breed,color,name,rabies,inoculation,date,inoculation,written,signature,owner,hereby,certify,information,correct,current,rabies,inoculation,obtained,animals,must,license,secured,around,neck,fee,animal,oak,forest,illinois,male,female,office,animal,license,amount,date,issued,cat,dog,form,filled,inserting,mouse,pointer,last,name,field,type,information,field,use,tab,key,advance,next,field,sure,check,cat,dog,male,female,print,page,printer,one,page,animal,sign,two,copies,form,must,arrange,payment,clerks,office,license,tags,issued,form,filled,inserting,mouse,pointer,last,name,field,type,information,field,use,tab,key,advance,next,field,sure,check,cat,dog,male,female,print,page,printer,one,page,animal,sign,two,copies,form,must,arrange,payment,clerks,office,license,tags,issued,form,filled,inserting,mouse,pointer,last,name,field,type,information,field,use,tab,key,advance,next,field,sure,check,cat,dog,male,female,print,page,printer,one,page,animal,sign,two,copies,form,must,arrange,payment,clerks,office,license,tags,issued,reset,form,data,cat,dog,last,first,address,phone,breed,color,male,female,rabies,name,date,inoc,,,,,,,,,,,,,,,,,,,,,,,,,,,,,,,,,,,,,,,,,,,,,,,,,,,,,,,,,,,,,,,,,,,,,,,,,,,,,,,,,,,,,,,,,,,,,,,,,,,,,,,,,,,,,,,,,,,,,,,,,,,,,,,,,,,,,,,,,,,,,,,,,,,,,,,,,,,,,,,,,,,,,,,,,,,,,,,,,,,,,,,,,,,,,,,,,,,,,,,,,,,,,,
Palisades Park APPLICATION+FOR+DOG-CAT+LIC.+2021-2022.pdf,dog,cat,license,application,return,official,use,palisades,park,health,department,received,broad,avenue,date,palisades,park,nj,cash,total,paid,check,fees,payable,check,palisades,park,health,department,exact,change,office,year,license,rabies,valid,thru,year,license,rabies,valid,thru,late,fees,per,pet,august,date,owner,name,tel,address,pet,dog,cat,sex,male,female,breed,age,pet,name,yes,hair,attach,rabies,expiration,license,fee,pet,dog,cat,sex,male,female,breed,age,pet,name,yes,hair,attach,rabies,expiration,license,fee,pet,dog,cat,sex,male,female,breed,age,pet,name,yes,hair,attach,rabies,expiration,license,fee,,,,,,,,,,,,,,,,,,,,,,,,,,,,,,,,,,,,,,,,,,,,,,,,,,,,,,,,,,,,,,,,,,,,,,,,,,,,,,,,,,,,,,,,,,,,,,,,,,,,,,,,,,,,,,,,,,,,,,,,,,,,,,,,,,,,,,,,,,,,,,,,,,,,,,,,,,,,,,,,,,,,,,,,,,,,,,,,,,,,,,,,,,,,,,,,,,,,,,,,,,,,,,,,,,,,,,,,,,,,,,,,,,,,,,,,,,,,,,,,,,,,,,,,,,,,,,,,,,,,,,,,,,,,,,,,,,,,,,,,,,,,,,,,,,,,,,,,,,,,,,,,,,,,,,,,,,,,,,,,,,,,,,,,,,,,,,,,,,,,,,,,,,,,,,,,,,,,,,,,,,,,,,,,,,,,,,,,,,,,,,,,,,,,,,,,,,,,,,,,,,,,,,,,,,,,,,,,,,,,,,,
Palm Coast animal license application.pdf,name,owner,owner,mailing,address,physical,address,telephone,day,telephone,evening,cell,phone,animal,name,animal,type,dog,cat,animal,breed,check,one,check,one,color,microchip,male,spayed,neutered,female,neither,rabies,vaccine,expiration,name,veterinarian,office,tag,date,date,animal,license,fee,unsterilized,animal,sterilized,animal,year,license,payment,city,hall,check,visa,mc,amex,discover,cash,animal,name,animal,type,dog,cat,animal,breed,check,one,check,one,color,microchip,male,spayed,neutered,female,neither,rabies,vaccine,expiration,name,veterinarian,office,tag,date,date,complete,application,check,made,city,palm,coast,lake,avenue,suite,palm,coast,fl,please,attach,copy,pet,current,rabies,vaccination,certificate,proof,sterilization,available,usually,notated,rabies,certificate,complete,affidavit,back,license,application,animal,control,mail,license,tag,following,processing,application,animal,license,fees,shown,animal,animal,animal,license,tag,animal,license,tags,shall,affixed,collar,harness,must,worn,animal,times,owners,premises,find,animal,city,palm,coast,tag,please,telephone,local,mal,control,information,reuniting,lost,animal,owner,may,reached,responsible,pet,owner,license,keep,animal,leash,animal,spayed,neutered,clean,animal,vaccinate,animal,rabies,diseases,train,dog,bark,excessively,animal,name,animal,type,animal,breed,check,one,check,one,color,microchip,male,spayed,neutered,female,neither,rabies,vaccine,expiration,name,veterinarian,office,tag,date,date,license,fee,animal,name,animal,type,animal,breed,check,one,check,one,color,microchip,male,spayed,neutered,female,neither,rabies,vaccine,expiration,name,veterinarian,office,tag,date,date,license,fee,notarized,affidavit,spayed,neutered,information,available,duly,sworn,says,reside,address,owner,animal,indicated,license,application,animal,examined,found,affidavit,made,obtain,license,animal,listed,form,applicant,signature,sworn,day,notary,public,stamp,signature,notaries,available,city,hall,,,,,,,,,,,,,,,,,,,,,,,,,,,,,,,,,,,,,,,,,,,,,,,,,,,,,,,,,,,,,,,,,,,,,,,,,,,,,,,,,,,,,,,,,,,,,,,,,,,,,,,,,,,,,,,,,,,,,,,,,,,,,,,,,,,,,,,,,,,,,,,,,,,,,,,,,,,,,,,,,,,,,,,,,,,,,,,,,,,,,,,,,,,,,,,,,,,,,,,,,,,,,,,,,,,,,,,,,,,,,,,,,,,,,,,,,,,,,,,,,,,,
Porterville doglicense.pdf,dog,city,porterville,dog,license,application,dog,name,breed,color,sex,age,please,check,appropriate,box,new,license,renewal,new,owner,address,change,vaccinated,date,expiration,vaccination,veterinarian,license,type,altered,natural,year,license,yes,date,year,license,exp,year,license,name,owner,phone,number,home,address,city,state,signature,date,note,altered,means,dog,spayed,neutered,staff,use,possible,please,include,picture,pet,application,license,please,use,separate,application,pet,amount,paid,please,complete,form,attach,vaccination,certificate,mail,city,porterville,animal,control,attn,dog,licensing,street,porterville,ca,,,,,,,,,,,,,,,,,,,,,,,,,,,,,,,,,,,,,,,,,,,,,,,,,,,,,,,,,,,,,,,,,,,,,,,,,,,,,,,,,,,,,,,,,,,,,,,,,,,,,,,,,,,,,,,,,,,,,,,,,,,,,,,,,,,,,,,,,,,,,,,,,,,,,,,,,,,,,,,,,,,,,,,,,,,,,,,,,,,,,,,,,,,,,,,,,,,,,,,,,,,,,,,,,,,,,,,,,,,,,,,,,,,,,,,,,,,,,,,,,,,,,,,,,,,,,,,,,,,,,,,,,,,,,,,,,,,,,,,,,,,,,,,,,,,,,,,,,,,,,,,,,,,,,,,,,,,,,,,,,,,,,,,,,,,,,,,,,,,,,,,,,,,,,,,,,,,,,,,,,,,,,,,,,,,,,,,,,,,,,,,,,,,,,,,,,,,,,,,,,,,,,,,,,,,,,,,,,,,,,,,,,,,,,,,,,,,,
Richfield 2021 Animal License App.pdf,name,animal,name,address,animal,type,dog,cat,tag,leave,blank,yes,email,address,microchip,code,phone,date,birth,work,phone,breed,sex,fee,schedule,neutered,animals,year,years,years,late,fee,animals,neutered,valid,one,year,must,provide,proof,rabies,vaccination,licenses,rabies,certificate,must,valid,duration,license,licenses,available,animals,neutered,please,rabies,date,expiration,less,year,month,main,color,secondary,color,office,use,license,expiration,date,rabies,expiration,date,license,fee,paid,late,fee,paid,total,fee,paid,please,detach,form,license,issued,city,richfield,animal,license,office,use,issue,date,license,expiration,date,total,fee,paid,issued,issued,animal,name,tag,tags,issued,new,licenses,renewing,continue,use,tag,previously,issued,animal,city,richfield,animal,license,city,richfield,animal,licensing,portland,avenue,richfield,mn,new,renewal,,,,,,,,,,,,,,,,,,,,,,,,,,,,,,,,,,,,,,,,,,,,,,,,,,,,,,,,,,,,,,,,,,,,,,,,,,,,,,,,,,,,,,,,,,,,,,,,,,,,,,,,,,,,,,,,,,,,,,,,,,,,,,,,,,,,,,,,,,,,,,,,,,,,,,,,,,,,,,,,,,,,,,,,,,,,,,,,,,,,,,,,,,,,,,,,,,,,,,,,,,,,,,,,,,,,,,,,,,,,,,,,,,,,,,,,,,,,,,,,,,,,,,,,,,,,,,,,,,,,,,,,,,,,,,,,,,,,,,,,,,,,,,,,,,,,,,,,,,,,,,,,,,,,,,,,,,,,,,,,,,,,,,,,,,,,,,,,,,,,,,,,,,,,,,,,,,,,,,,,,,,,,,,,,,,,,,,,,,,,,,,,,,,,,,,,,,,,
SAN LEANDRO Animal License Application for pdf fill in.pdf,microsoft,word,animal,license,application,pdf,fill,master,control,dog,license,dog,chip,rabies,vaccination,rabies,expiration,city,san,leandro,street,san,leandro,ca,dog,license,application,please,complete,form,return,along,copy,current,rabies,certificate,check,made,payable,city,san,leandro,see,chart,applicable,fees,dog,information,please,print,first,name,last,name,street,address,san,leandro,ca,home,phone,day,phone,dog,license,information,dog,name,breed,birth,date,sex,male,female,certificate,required,type,license,fees,years,dog,dog,term,license,exceed,rabies,expiration,date,total,amount,enclosed,please,note,fees,different,dog,spayed,neutered,certificate,required,new,rabies,certificate,required,renewal,write,check,made,payable,city,san,leandro,signature,date,rabies,expiration,date,name,address,home,phone,day,phone,dogs,name,breed,descriptioncolor,birth,date,male,undefined,spayedneutered,unaltered,dog,altered,dog,total,amount,enclosed,date,master,control,dog,license,dog,chip,rabies,vaccination,date,,,,,,,,,,,,,,,,,,,,,,,,,,,,,,,,,,,,,,,,,,,,,,,,,,,,,,,,,,,,,,,,,,,,,,,,,,,,,,,,,,,,,,,,,,,,,,,,,,,,,,,,,,,,,,,,,,,,,,,,,,,,,,,,,,,,,,,,,,,,,,,,,,,,,,,,,,,,,,,,,,,,,,,,,,,,,,,,,,,,,,,,,,,,,,,,,,,,,,,,,,,,,,,,,,,,,,,,,,,,,,,,,,,,,,,,,,,,,,,,,,,,,,,,,,,,,,,,,,,,,,,,,,,,,,,,,,,,,,,,,,,,,,,,,,,,,,,,,,,,,,,,,,,,,,,,,,,,,,,,,,,,,,,,,,,,,,,,,,,,,,,,,,,,,,,,,,,,,,,,,,,,,,,,,,,,,,,,,
Union City Dog-License.pdf,microsoft,word,dog,license,application,city,union,city,office,city,clerk,palisade,avenue,union,city,new,jersey,dog,license,application,please,submit,following,form,include,following,documents,proof,rabies,vaccination,service,proof,documents,proof,spayed,appropriate,fee,owner,name,date,address,dog,sex,male,female,breed,age,hair,color,hair,length,short,medium,long,dog,name,neutered,yes,date,rabies,vaccination,expiration,date,breakdown,fees,non,neutered,license,fee,registration,fee,pilot,clinic,fund,pet,population,control,total,city,union,city,office,city,clerk,palisade,avenue,union,city,new,jersey,solicitud,de,licencia,de,perro,envíe,el,formulario,siguiente,e,incluya,los,siguientes,documentos,prueba,de,vacunación,contra,la,rabia,perro,de,servicio,prueba,de,documentos,prueba,de,neutrado,spayed,tarifa,apropiada,nombre,del,dueño,fecha,dirección,teléfono,sexo,del,perro,masculino,femenina,raza,color,de,pelo,largo,del,pelo,corto,medio,largo,nombre,del,perro,si,date,fecha,de,vencimiento,de,la,vacuna,contra,la,rabia,desglose,de,honorarios,esterilizado,castrado,derechos,de,licencia,los,derechos,de,matriculación,fondo,de,la,clínica,piloto,de,control,de,población,de,mascotas,total,,,,,,,,,,,,,,,,,,,,,,,,,,,,,,,,,,,,,,,,,,,,,,,,,,,,,,,,,,,,,,,,,,,,,,,,,,,,,,,,,,,,,,,,,,,,,,,,,,,,,,,,,,,,,,,,,,,,,,,,,,,,,,,,,,,,,,,,,,,,,,,,,,,,,,,,,,,,,,,,,,,,,,,,,,,,,,,,,,,,,,,,,,,,,,,,,,,,,,,,,,,,,,,,,,,,,,,,,,,,,,,,,,,,,,,,,,,,,,,,,,,,,,,,,,,,,,,,,,,,,,,,,,,,,,,,,,,,,,,,,,,,,,,,,,,,,,,,,,,,,,,,,,,,,,,,,,,,,,,,,,,,,,,,,,,,,,,,,,,,,,,,,
Warrensburg Dog License Application.pdf,dog,license,application,updated,dog,license,application,ordinance,requires,persons,within,city,limits,dog,must,obtain,dog,license,licenses,needed,assure,dogs,residing,city,limits,current,rabies,vaccination,date,application,name,dog,owner,address,street,address,dog,owner,city,state,zip,code,mailing,address,different,city,state,zip,code,phone,dog,owner,dog,name,breed,veterinarians,business,name,rabies,expiration,date,tag,please,provide,copy,rabies,information,license,fees,check,applicable,line,spayed,male,fee,unspayed,male,fee,undersigned,certifies,information,true,correct,according,undersigned,best,knowledge,belief,applicant,signature,date,city,information,license,amount,paid,city,tag,date,paid,carl,larkerbrink,city,collector,carl,south,holden,warrensburg,mo,phone,fax,mailto,carl,date,application,name,dog,owner,address,dog,owner,code,mailing,address,address,phone,alt,phone,dog,radies,tag,date,veterinarians,business,name,check,check,,,,,,,,,,,,,,,,,,,,,,,,,,,,,,,,,,,,,,,,,,,,,,,,,,,,,,,,,,,,,,,,,,,,,,,,,,,,,,,,,,,,,,,,,,,,,,,,,,,,,,,,,,,,,,,,,,,,,,,,,,,,,,,,,,,,,,,,,,,,,,,,,,,,,,,,,,,,,,,,,,,,,,,,,,,,,,,,,,,,,,,,,,,,,,,,,,,,,,,,,,,,,,,,,,,,,,,,,,,,,,,,,,,,,,,,,,,,,,,,,,,,,,,,,,,,,,,,,,,,,,,,,,,,,,,,,,,,,,,,,,,,,,,,,,,,,,,,,,,,,,,,,,,,,,,,,,,,,,,,,,,,,,,,,,,,,,,,,,,,,,,,,,,,,,,,,,,,,,,,,,,,,,,,,,,,,,,,,,,,,,,,,,,,,
